0
2
23
0 3 101
1 2 46
1 1 97
1 1 98
1 1 99
1 1 100
1 1 101
1 1 102
1 1 103
1 1 104
1 1 105
1 1 106
1 1 107
1 1 108
1 1 109
1 1 110
1 1 111
1 1 112
1 1 113
1 1 114
1 1 115
1 1 116
1 1 117
1 1 118
1 1 119
1 1 120
1 1 121
1 1 122
3 4 109
4 5 97
5 6 105
6 7 108
7 8 32
8 9 119
9 10 97
10 11 115
11 12 32
12 13 109
13 14 101
14 15 97
15 16 110
16 17 116
17 18 32
18 19 102
19 20 111
20 21 114
21 22 32
22 23 64
23 1 97
23 1 98
23 1 99
23 1 100
23 1 101
23 1 102
23 1 103
23 1 104
23 1 105
23 1 106
23 1 107
23 1 108
23 1 109
23 1 110
23 1 111
23 1 112
23 1 113
23 1 114
23 1 115
23 1 116
23 1 117
23 1 118
23 1 119
23 1 120
23 1 121
23 1 122
